0.001 773.210 119.448
0.002 773.389 238.960
0.003 773.688 358.598
0.004 774.106 478.426
0.005 774.645 598.508
0.006 775.303 718.909
0.007 776.083 839.693
0.008 776.983 960.926
0.009 778.005 1082.674
0.010 779.148 1205.005
0.011 780.415 1327.987
0.012 781.805 1451.689
0.013 783.318 1576.182
0.014 784.957 1701.539
0.015 786.722 1827.833
0.016 788.613 1955.139
0.017 790.632 2083.537
0.018 792.781 2213.103
0.019 795.059 2343.922
0.020 797.469 2476.076
0.021 800.012 2609.652
0.022 802.689 2744.740
0.023 805.502 2881.432
0.024 808.452 3019.824
0.025 811.542 3160.014
0.026 814.773 3302.107
0.027 818.147 3446.207
0.028 821.666 3592.427
0.029 825.332 3740.882
0.030 829.149 3891.692
0.031 833.117 4044.982
0.032 837.239 4200.884
0.033 841.519 4359.535
0.034 845.959 4521.077
0.035 850.563 4685.662
0.036 855.332 4853.446
0.037 860.271 5024.595
0.038 865.382 5199.282
0.039 870.670 5377.690
0.040 876.139 5560.010
0.041 881.792 5746.446
0.042 887.633 5937.210
0.043 893.668 6132.528
0.044 899.900 6332.639
0.045 906.335 6537.793
0.046 912.977 6748.258
0.047 919.833 6964.315
0.048 926.908 7186.266
0.049 934.208 7414.427
0.050 941.739 7649.136
0.051 949.508 7890.755
0.052 957.523 8139.665
0.053 965.790 8396.275
0.054 974.318 8661.021
0.055 983.115 8934.368
0.056 992.190 9216.814
0.057 1001.552 9508.893
0.058 1011.211 9811.175
0.059 1021.178 10124.273
0.060 1031.463 10448.847
0.061 1042.080 10785.604
0.062 1053.039 11135.308
0.063 1064.355 11498.781
0.064 1076.041 11876.910
0.065 1088.114 12270.657
0.066 1100.588 12681.060
0.067 1113.482 13109.247
0.068 1126.813 13556.441
0.069 1140.601 14023.973
0.070 1154.868 14513.292
0.071 1169.636 15025.978
0.072 1184.929 15563.759
0.073 1200.772 16128.526
0.074 1217.195 16722.351
0.075 1234.228 17347.513
0.076 1251.902 18006.519
0.077 1270.253 18702.133
0.078 1289.319 19437.415
0.079 1309.142 20215.748
0.080 1329.766 21040.894
0.081 1351.241 21917.037
0.082 1373.619 22848.846
0.083 1396.959 23841.546
0.084 1421.324 24900.996
0.085 1446.785 26033.792
0.086 1473.419 27247.374
0.087 1501.310 28550.167
0.088 1530.552 29951.743
0.089 1561.250 31463.014
0.090 1593.519 33096.469
0.091 1627.488 34866.459
0.092 1663.303 36789.544
0.093 1701.125 38884.920
0.094 1741.137 41174.948
0.095 1783.548 43685.808
0.096 1828.593 46448.324
0.097 1876.541 49499.000
0.098 1927.701 52881.345
0.099 1982.431 56647.574
0.100 2041.145 60860.820
0.000 773.150 0.100
0.001 773.210 119.548
0.002 773.389 239.060
0.003 773.688 358.698
0.004 774.107 478.527
0.005 774.645 598.609
0.006 775.304 719.010
0.007 776.083 839.794
0.008 776.984 961.028
0.009 778.005 1082.776
0.010 779.149 1205.108
0.011 780.416 1328.090
0.012 781.806 1451.793
0.013 783.320 1576.286
0.014 784.959 1701.644
0.015 786.723 1827.939
0.016 788.615 1955.246
0.017 790.634 2083.645
0.018 792.783 2213.212
0.019 795.061 2344.032
0.020 797.471 2476.187
0.021 800.014 2609.764
0.022 802.691 2744.854
0.023 805.504 2881.547
0.024 808.455 3019.940
0.025 811.545 3160.133
0.026 814.776 3302.227
0.027 818.150 3446.329
0.028 821.669 3592.551
0.029 825.336 3741.007
0.030 829.152 3891.819
0.031 833.120 4045.112
0.032 837.243 4201.016
0.033 841.523 4359.669
0.034 845.963 4521.214
0.035 850.566 4685.801
0.036 855.336 4853.588
0.037 860.275 5024.740
0.038 865.387 5199.430
0.039 870.675 5377.841
0.040 876.144 5560.164
0.041 881.797 5746.604
0.042 887.638 5937.372
0.043 893.673 6132.694
0.044 899.905 6332.808
0.045 906.340 6537.967
0.046 912.983 6748.436
0.047 919.839 6964.499
0.048 926.914 7186.454
0.049 934.214 7414.620
0.050 941.745 7649.336
0.051 949.515 7890.960
0.052 957.530 8139.876
0.053 965.797 8396.493
0.054 974.325 8661.246
0.055 983.122 8934.600
0.056 992.198 9217.054
0.057 1001.560 9509.141
0.058 1011.219 9811.432
0.059 1021.186 10124.540
0.060 1031.472 10449.124
0.061 1042.089 10785.892
0.062 1053.048 11135.607
0.063 1064.364 11499.091
0.064 1076.051 11877.233
0.065 1088.124 12270.993
0.066 1100.599 12681.411
0.067 1113.493 13109.613
0.068 1126.824 13556.824
0.069 1140.613 14024.373
0.070 1154.880 14513.711
0.071 1169.648 15026.417
0.072 1184.942 15564.220
0.073 1200.786 16129.010
0.074 1217.209 16722.861
0.075 1234.242 17348.050
0.076 1251.917 18007.085
0.077 1270.268 18702.732
0.078 1289.335 19438.048
0.079 1309.159 20216.419
0.080 1329.784 21041.605
0.081 1351.259 21917.793
0.082 1373.638 22849.651
0.083 1396.979 23842.404
0.084 1421.345 24901.913
0.085 1446.807 26034.773
0.086 1473.441 27248.426
0.087 1501.334 28551.297
0.088 1530.577 29952.960
0.089 1561.276 31464.328
0.090 1593.546 33097.892
0.091 1627.517 34868.003
0.092 1663.333 36791.224
0.093 1701.157 38886.753
0.094 1741.172 41176.954
0.095 1783.585 43688.012
0.096 1828.632 46450.752
0.097 1876.582 49501.687
0.098 1927.745 52884.330
0.099 1982.479 56650.906
0.100 2041.196 60864.555

0.000 773.150 -1621.984
0.001 771.588 -1502.964
0.002 770.144 -1384.736
0.003 768.818 -1267.233
0.004 767.609 -1150.391
0.005 766.517 -1034.146
0.006 765.541 -918.437
0.007 764.680 -803.201
0.008 763.934 -688.378
0.009 763.303 -573.909
0.010 762.786 -459.733
0.011 762.383 -345.792
0.012 762.095 -232.028
0.013 761.919 -118.381
0.014 761.858 -4.796
0.015 761.910 108.788
0.016 762.075 222.427
0.017 762.355 336.179
0.018 762.748 450.103
0.019 763.255 564.256
0.020 763.876 678.699
0.021 764.612 793.489
0.022 765.464 908.688
0.023 766.430 1024.355
0.024 767.512 1140.552
0.025 768.711 1257.341
0.026 770.027 1374.786
0.027 771.461 1492.950
0.028 773.013 1611.901
0.029 774.685 1731.704
0.030 776.477 1852.428
0.031 778.390 1974.145
0.032 780.426 2096.924
0.033 782.585 2220.842
0.034 784.868 2345.973
0.035 787.277 2472.396
0.036 789.813 2600.191
0.037 792.478 2729.442
0.038 795.273 2860.236
0.039 798.199 2992.660
0.040 801.258 3126.807
0.041 804.453 3262.773
0.042 807.785 3400.657
0.043 811.255 3540.563
0.044 814.866 3682.597
0.045 818.621 3826.871
0.046 822.521 3973.503
0.047 826.569 4122.613
0.048 830.767 4274.329
0.049 835.118 4428.784
0.050 839.626 4586.117
0.051 844.292 4746.474
0.052 849.120 4910.007
0.053 854.113 5076.878
0.054 859.275 5247.255
0.055 864.609 5421.315
0.056 870.118 5599.245
0.057 875.808 5781.243
0.058 881.682 5967.514
0.059 887.745 6158.280
0.060 894.001 6353.771
0.061 900.454 6554.231
0.062 907.111 6759.921
0.063 913.976 6971.115
0.064 921.055 7188.104
0.065 928.354 7411.197
0.066 935.879 7640.723
0.067 943.638 7877.031
0.068 951.636 8120.494
0.069 959.881 8371.508
0.070 968.382 8630.495
0.071 977.145 8897.908
0.072 986.180 9174.230
0.073 995.497 9459.978
0.074 1005.104 9755.704
0.075 1015.012 10062.004
0.076 1025.231 10379.515
0.077 1035.775 10708.923
0.078 1046.653 11050.966
0.079 1057.881 11406.440
0.080 1069.471 11776.203
0.081 1081.438 12161.183
0.082 1093.799 12562.384
0.083 1106.569 12980.893
0.084 1119.767 13417.890
0.085 1133.411 13874.659
0.086 1147.523 14352.594
0.087 1162.124 14853.218
0.088 1177.238 15378.192
0.089 1192.889 15929.334
0.090 1209.106 16508.634
0.091 1225.917 17118.279
0.092 1243.353 17760.672
0.093 1261.450 18438.464
0.094 1280.243 19154.580
0.095 1299.773 19912.258
0.096 1320.082 20715.091
0.097 1341.219 21567.071
0.098 1363.234 22472.649
0.099 1386.184 23436.800
0.100 1410.129 24465.097

0.000 773.150 -2700.059
0.001 770.509 -2581.323
0.002 767.987 -2463.942
0.003 765.581 -2347.841
0.004 763.291 -2232.952
0.005 761.115 -2119.206
0.006 759.052 -2006.536
0.007 757.101 -1894.878
0.008 755.262 -1784.170
0.009 753.533 -1674.350
0.010 751.913 -1565.359
0.011 750.402 -1457.139
0.012 748.998 -1349.631
0.013 747.702 -1242.782
0.014 746.513 -1136.535
0.015 745.429 -1030.837
0.016 744.451 -925.635
0.017 743.578 -820.878
0.018 742.809 -716.512
0.019 742.145 -612.489
0.020 741.584 -508.757
0.021 741.127 -405.266
0.022 740.773 -301.968
0.023 740.523 -198.812
0.024 740.376 -95.751
0.025 740.331 7.265
0.026 740.390 110.285
0.027 740.552 213.356
0.028 740.817 316.529
0.029 741.185 419.851
0.030 741.657 523.373
0.031 742.232 627.143
0.032 742.911 731.212
0.033 743.694 835.629
0.034 744.582 940.447
0.035 745.576 1045.715
0.036 746.674 1151.487
0.037 747.879 1257.816
0.038 749.190 1364.755
0.039 750.608 1472.359
0.040 752.135 1580.685
0.041 753.770 1689.790
0.042 755.515 1799.731
0.043 757.370 1910.570
0.044 759.336 2022.366
0.045 761.415 2135.184
0.046 763.607 2249.087
0.047 765.913 2364.143
0.048 768.336 2480.420
0.049 770.875 2597.988
0.050 773.532 2716.921
0.051 776.309 2837.294
0.052 779.207 2959.185
0.053 782.228 3082.674
0.054 785.373 3207.846
0.055 788.644 3334.788
0.056 792.043 3463.590
0.057 795.572 3594.345
0.058 799.233 3727.152
0.059 803.027 3862.112
0.060 806.958 3999.332
0.061 811.027 4138.923
0.062 815.236 4281.000
0.063 819.589 4425.685
0.064 824.089 4573.104
0.065 828.737 4723.391
0.066 833.536 4876.684
0.067 838.491 5033.131
0.068 843.604 5192.883
0.069 848.878 5356.104
0.070 854.317 5522.962
0.071 859.925 5693.637
0.072 865.706 5868.317
0.073 871.663 6047.201
0.074 877.802 6230.498
0.075 884.126 6418.431
0.076 890.640 6611.234
0.077 897.350 6809.155
0.078 904.260 7012.457
0.079 911.377 7221.419
0.080 918.705 7436.338
0.081 926.251 7657.527
0.082 934.022 7885.322
0.083 942.024 8120.077
0.084 950.265 8362.172
0.085 958.751 8612.012
0.086 967.492 8870.028
0.087 976.494 9136.681
0.088 985.768 9412.465
0.089 995.322 9697.908
0.090 1005.167 9993.576
0.091 1015.313 10300.077
0.092 1025.771 10618.065
0.093 1036.553 10948.240
0.094 1047.672 11291.361
0.095 1059.141 11648.243
0.096 1070.973 12019.766
0.097 1083.185 12406.883
0.098 1095.793 12810.625
0.099 1108.813 13232.109
0.100 1122.263 13672.550

0.000 773.150 -4038.535
0.001 769.171 -3920.151
0.002 765.309 -3803.814
0.003 761.563 -3689.437
0.004 757.930 -3576.937
0.005 754.408 -3466.235
0.006 750.996 -3357.253
0.007 747.693 -3249.919
0.008 744.496 -3144.161
0.009 741.404 -3039.911
0.010 738.416 -2937.104
0.011 735.530 -2835.676
0.012 732.744 -2735.567
0.013 730.058 -2636.717
0.014 727.470 -2539.069
0.015 724.979 -2442.570
0.016 722.585 -2347.165
0.017 720.285 -2252.802
0.018 718.079 -2159.432
0.019 715.966 -2067.007
0.020 713.944 -1975.478
0.021 712.014 -1884.800
0.022 710.175 -1794.929
0.023 708.424 -1705.822
0.024 706.763 -1617.434
0.025 705.189 -1529.726
0.026 703.703 -1442.657
0.027 702.304 -1356.187
0.028 700.990 -1270.277
0.029 699.763 -1184.890
0.030 698.621 -1099.989
0.031 697.563 -1015.536
0.032 696.589 -931.495
0.033 695.700 -847.832
0.034 694.894 -764.511
0.035 694.171 -681.498
0.036 693.530 -598.758
0.037 692.973 -516.258
0.038 692.498 -433.964
0.039 692.105 -351.844
0.040 691.794 -269.864
0.041 691.565 -187.991
0.042 691.418 -106.192
0.043 691.353 -24.436
0.044 691.369 57.310
0.045 691.467 139.079
0.046 691.647 220.904
0.047 691.909 302.816
0.048 692.253 384.849
0.049 692.679 467.035
0.050 693.187 549.407
0.051 693.778 632.000
0.052 694.451 714.846
0.053 695.208 797.978
0.054 696.047 881.433
0.055 696.971 965.244
0.056 697.978 1049.446
0.057 699.070 1134.075
0.058 700.246 1219.167
0.059 701.508 1304.759
0.060 702.856 1390.890
0.061 704.290 1477.596
0.062 705.811 1564.917
0.063 707.420 1652.894
0.064 709.117 1741.566
0.065 710.904 1830.975
0.066 712.780 1921.165
0.067 714.746 2012.180
0.068 716.804 2104.064
0.069 718.955 2196.863
0.070 721.198 2290.626
0.071 723.536 2385.402
0.072 725.969 2481.241
0.073 728.499 2578.196
0.074 731.126 2676.320
0.075 733.852 2775.669
0.076 736.678 2876.301
0.077 739.605 2978.276
0.078 742.635 3081.656
0.079 745.769 3186.504
0.080 749.009 3292.888
0.081 752.355 3400.876
0.082 755.811 3510.541
0.083 759.377 3621.956
0.084 763.055 3735.201
0.085 766.848 3850.356
0.086 770.757 3967.506
0.087 774.784 4086.739
0.088 778.931 4208.147
0.089 783.201 4331.826
0.090 787.595 4457.878
0.091 792.117 4586.407
0.092 796.769 4717.524
0.093 801.553 4851.344
0.094 806.473 4987.989
0.095 811.530 5127.586
0.096 816.729 5270.269
0.097 822.072 5416.178
0.098 827.562 5565.460
0.099 833.204 5718.272
0.100 839.000 5874.777

0.000 773.150 -5000.046
0.001 768.209 -4881.914
0.002 763.385 -4766.322
0.003 758.676 -4653.171
0.004 754.078 -4542.364
0.005 749.590 -4433.809
0.006 745.210 -4327.420
0.007 740.935 -4223.111
0.008 736.763 -4120.803
0.009 732.693 -4020.420
0.010 728.722 -3921.887
0.011 724.848 -3825.134
0.012 721.071 -3730.095
0.013 717.387 -3636.704
0.014 713.797 -3544.899
0.015 710.297 -3454.620
0.016 706.887 -3365.811
0.017 703.565 -3278.416
0.018 700.330 -3192.382
0.019 697.180 -3107.659
0.020 694.114 -3024.196
0.021 691.131 -2941.947
0.022 688.230 -2860.866
0.023 685.409 -2780.908
0.024 682.668 -2702.032
0.025 680.004 -2624.197
0.026 677.419 -2547.362
0.027 674.909 -2471.489
0.028 672.476 -2396.541
0.029 670.116 -2322.482
0.030 667.830 -2249.277
0.031 665.617 -2176.892
0.032 663.476 -2105.295
0.033 661.406 -2034.453
0.034 659.407 -1964.336
0.035 657.478 -1894.913
0.036 655.617 -1826.156
0.037 653.825 -1758.035
0.038 652.101 -1690.522
0.039 650.444 -1623.592
0.040 648.853 -1557.216
0.041 647.329 -1491.370
0.042 645.870 -1426.028
0.043 644.477 -1361.165
0.044 643.148 -1296.758
0.045 641.883 -1232.782
0.046 640.682 -1169.214
0.047 639.545 -1106.032
0.048 638.470 -1043.213
0.049 637.458 -980.736
0.050 636.509 -918.577
0.051 635.621 -856.717
0.052 634.795 -795.134
0.053 634.031 -733.808
0.054 633.327 -672.717
0.055 632.685 -611.843
0.056 632.104 -551.164
0.057 631.583 -490.661
0.058 631.122 -430.314
0.059 630.722 -370.105
0.060 630.382 -310.013
0.061 630.102 -250.019
0.062 629.882 -190.104
0.063 629.722 -130.250
0.064 629.621 -70.437
0.065 629.581 -10.646
0.066 629.600 49.142
0.067 629.679 108.945
0.068 629.818 168.782
0.069 630.017 228.673
0.070 630.275 288.637
0.071 630.594 348.692
0.072 630.973 408.857
0.073 631.412 469.153
0.074 631.911 529.598
0.075 632.471 590.212
0.076 633.092 651.014
0.077 633.773 712.026
0.078 634.516 773.266
0.079 635.320 834.755
0.080 636.185 896.514
0.081 637.113 958.564
0.082 638.103 1020.925
0.083 639.155 1083.620
0.084 640.270 1146.670
0.085 641.448 1210.098
0.086 642.690 1273.926
0.087 643.996 1338.177
0.088 645.367 1402.875
0.089 646.802 1468.043
0.090 648.303 1533.707
0.091 649.870 1599.891
0.092 651.503 1666.621
0.093 653.203 1733.923
0.094 654.971 1801.824
0.095 656.807 1870.352
0.096 658.712 1939.535
0.097 660.686 2009.401
0.098 662.731 2079.981
0.099 664.847 2151.306
0.100 667.034 2223.406

0.000 773.150 -5513.605
0.001 767.696 -5395.607
0.002 762.358 -5280.412
0.003 757.134 -5167.911
0.004 752.021 -5058.000
0.005 747.017 -4950.580
0.006 742.119 -4845.555
0.007 737.325 -4742.835
0.008 732.633 -4642.335
0.009 728.040 -4543.971
0.010 723.544 -4447.665
0.011 719.144 -4353.342
0.012 714.837 -4260.929
0.013 710.621 -4170.358
0.014 706.496 -4081.563
0.015 702.458 -3994.480
0.016 698.506 -3909.049
0.017 694.639 -3825.212
0.018 690.855 -3742.913
0.019 687.153 -3662.098
0.020 683.530 -3582.716
0.021 679.987 -3504.718
0.022 676.521 -3428.057
0.023 673.130 -3352.685
0.024 669.815 -3278.561
0.025 666.573 -3205.641
0.026 663.403 -3133.884
0.027 660.305 -3063.252
0.028 657.276 -2993.706
0.029 654.317 -2925.210
0.030 651.425 -2857.729
0.031 648.601 -2791.229
0.032 645.843 -2725.677
0.033 643.149 -2661.041
0.034 640.520 -2597.290
0.035 637.955 -2534.396
0.036 635.451 -2472.328
0.037 633.010 -2411.060
0.038 630.629 -2350.565
0.039 628.308 -2290.815
0.040 626.047 -2231.787
0.041 623.844 -2173.456
0.042 621.700 -2115.796
0.043 619.613 -2058.787
0.044 617.582 -2002.405
0.045 615.608 -1946.627
0.046 613.689 -1891.434
0.047 611.825 -1836.804
0.048 610.015 -1782.717
0.049 608.259 -1729.154
0.050 606.556 -1676.095
0.051 604.907 -1623.522
0.052 603.309 -1571.416
0.053 601.764 -1519.761
0.054 600.269 -1468.537
0.055 598.826 -1417.730
0.056 597.434 -1367.321
0.057 596.092 -1317.295
0.058 594.799 -1267.635
0.059 593.556 -1218.327
0.060 592.362 -1169.355
0.061 591.217 -1120.704
0.062 590.121 -1072.359
0.063 589.073 -1024.306
0.064 588.072 -976.531
0.065 587.119 -929.019
0.066 586.214 -881.757
0.067 585.356 -834.732
0.068 584.545 -787.929
0.069 583.780 -741.337
0.070 583.062 -694.941
0.071 582.390 -648.730
0.072 581.764 -602.689
0.073 581.185 -556.808
0.074 580.651 -511.073
0.075 580.162 -465.472
0.076 579.720 -419.993
0.077 579.322 -374.624
0.078 578.970 -329.352
0.079 578.664 -284.167
0.080 578.402 -239.055
0.081 578.185 -194.006
0.082 578.014 -149.007
0.083 577.887 -104.046
0.084 577.806 -59.113
0.085 577.769 -14.195
0.086 577.777 30.719
0.087 577.831 75.641
0.088 577.929 120.583
0.089 578.072 165.556
0.090 578.260 210.573
0.091 578.493 255.644
0.092 578.771 300.781
0.093 579.095 345.997
0.094 579.463 391.303
0.095 579.877 436.711
0.096 580.337 482.234
0.097 580.842 527.882
0.098 581.393 573.670
0.099 581.989 619.608
0.100 582.632 665.710

0.000 773.150 -5643.028
0.001 767.566 -5525.064
0.002 762.099 -5409.969
0.003 756.745 -5297.632
0.004 751.503 -5187.946
0.005 746.369 -5080.810
0.006 741.340 -4976.127
0.007 736.416 -4873.805
0.008 731.592 -4773.756
0.009 726.867 -4675.896
0.010 722.239 -4580.145
0.011 717.706 -4486.427
0.012 713.266 -4394.667
0.013 708.916 -4304.797
0.014 704.656 -4216.748
0.015 700.482 -4130.457
0.016 696.394 -4045.862
0.017 692.390 -3962.904
0.018 688.468 -3881.526
0.019 684.626 -3801.675
0.020 680.864 -3723.297
0.021 677.179 -3646.344
0.022 673.571 -3570.767
0.023 670.037 -3496.520
0.024 666.577 -3423.558
0.025 663.190 -3351.839
0.026 659.873 -3281.321
0.027 656.627 -3211.966
0.028 653.449 -3143.734
0.029 650.339 -3076.590
0.030 647.296 -3010.497
0.031 644.318 -2945.421
0.032 641.404 -2881.330
0.033 638.555 -2818.192
0.034 635.768 -2755.975
0.035 633.042 -2694.651
0.036 630.378 -2634.190
0.037 627.774 -2574.565
0.038 625.229 -2515.748
0.039 622.742 -2457.714
0.040 620.313 -2400.438
0.041 617.941 -2343.895
0.042 615.625 -2288.061
0.043 613.365 -2232.913
0.044 611.159 -2178.430
0.045 609.008 -2124.589
0.046 606.910 -2071.370
0.047 604.865 -2018.751
0.048 602.872 -1966.715
0.049 600.931 -1915.240
0.050 599.041 -1864.308
0.051 597.202 -1813.902
0.052 595.413 -1764.003
0.053 593.674 -1714.593
0.054 591.984 -1665.657
0.055 590.343 -1617.177
0.056 588.749 -1569.138
0.057 587.204 -1521.523
0.058 585.706 -1474.318
0.059 584.255 -1427.508
0.060 582.851 -1381.077
0.061 581.493 -1335.011
0.062 580.181 -1289.297
0.063 578.914 -1243.921
0.064 577.693 -1198.869
0.065 576.517 -1154.128
0.066 575.385 -1109.685
0.067 574.297 -1065.527
0.068 573.253 -1021.642
0.069 572.254 -978.018
0.070 571.297 -934.642
0.071 570.384 -891.502
0.072 569.514 -848.587
0.073 568.687 -805.886
0.074 567.902 -763.386
0.075 567.160 -721.077
0.076 566.460 -678.948
0.077 565.802 -636.987
0.078 565.186 -595.184
0.079 564.612 -553.528
0.080 564.079 -512.009
0.081 563.588 -470.616
0.082 563.138 -429.338
0.083 562.729 -388.165
0.084 562.361 -347.088
0.085 562.035 -306.095
0.086 561.749 -265.177
0.087 561.505 -224.324
0.088 561.301 -183.525
0.089 561.137 -142.771
0.090 561.015 -102.052
0.091 560.933 -61.357
0.092 560.892 -20.678
0.093 560.892 19.997
0.094 560.932 60.676
0.095 561.013 101.371
0.096 561.135 142.089
0.097 561.298 182.843
0.098 561.501 223.641
0.099 561.745 264.493
0.100 562.030 305.410

0.000 773.150 -5654.616
0.001 767.555 -5536.655
0.002 762.076 -5421.569
0.003 756.711 -5309.246
0.004 751.456 -5199.581
0.005 746.311 -5092.470
0.006 741.271 -4987.817
0.007 736.334 -4885.531
0.008 731.499 -4785.523
0.009 726.762 -4687.708
0.010 722.123 -4592.007
0.011 717.578 -4498.342
0.012 713.125 -4406.641
0.013 708.764 -4316.833
0.014 704.491 -4228.851
0.015 700.305 -4142.630
0.016 696.205 -4058.110
0.017 692.189 -3975.230
0.018 688.254 -3893.934
0.019 684.400 -3814.169
0.020 680.625 -3735.881
0.021 676.928 -3659.021
0.022 673.307 -3583.540
0.023 669.761 -3509.393
0.024 666.288 -3436.535
0.025 662.887 -3364.922
0.026 659.557 -3294.515
0.027 656.298 -3225.273
0.028 653.107 -3157.158
0.029 649.983 -3090.133
0.030 646.926 -3024.164
0.031 643.934 -2959.215
0.032 641.007 -2895.253
0.033 638.143 -2832.248
0.034 635.342 -2770.167
0.035 632.603 -2708.982
0.036 629.924 -2648.664
0.037 627.305 -2589.184
0.038 624.745 -2530.516
0.039 622.244 -2472.634
0.040 619.800 -2415.512
0.041 617.413 -2359.127
0.042 615.081 -2303.454
0.043 612.806 -2248.471
0.044 610.584 -2194.156
0.045 608.417 -2140.486
0.046 606.303 -2087.441
0.047 604.242 -2035.000
0.048 602.233 -1983.144
0.049 600.275 -1931.853
0.050 598.369 -1881.109
0.051 596.513 -1830.893
0.052 594.707 -1781.188
0.053 592.950 -1731.976
0.054 591.243 -1683.241
0.055 589.584 -1634.966
0.056 587.973 -1587.135
0.057 586.409 -1539.732
0.058 584.893 -1492.742
0.059 583.424 -1446.150
0.060 582.001 -1399.942
0.061 580.624 -1354.104
0.062 579.292 -1308.620
0.063 578.006 -1263.478
0.064 576.765 -1218.664
0.065 575.569 -1174.165
0.066 574.417 -1129.968
0.067 573.309 -1086.061
0.068 572.245 -1042.430
0.069 571.224 -999.065
0.070 570.247 -955.952
0.071 569.312 -913.080
0.072 568.420 -870.437
0.073 567.571 -828.012
0.074 566.764 -785.794
0.075 565.999 -743.771
0.076 565.277 -701.933
0.077 564.596 -660.268
0.078 563.956 -618.765
0.079 563.358 -577.415
0.080 562.801 -536.207
0.081 562.286 -495.130
0.082 561.811 -454.174
0.083 561.377 -413.328
0.084 560.984 -372.584
0.085 560.632 -331.930
0.086 560.320 -291.356
0.087 560.049 -250.853
0.088 559.819 -210.411
0.089 559.628 -170.020
0.090 559.479 -129.670
0.091 559.369 -89.351
0.092 559.300 -49.054
0.093 559.271 -8.769
0.094 559.282 31.514
0.095 559.334 71.805
0.096 559.426 112.113
0.097 559.558 152.448
0.098 559.731 192.821
0.099 559.944 233.239
0.100 560.197 273.714

0.000 773.150 -5654.823
0.001 767.554 -5536.861
0.002 762.075 -5421.776
0.003 756.710 -5309.453
0.004 751.456 -5199.788
0.005 746.310 -5092.677
0.006 741.269 -4988.026
0.007 736.333 -4885.740
0.008 731.497 -4785.732
0.009 726.760 -4687.918
0.010 722.121 -4592.218
0.011 717.575 -4498.554
0.012 713.123 -4406.854
0.013 708.761 -4317.047
0.014 704.488 -4229.066
0.015 700.302 -4142.847
0.016 696.202 -4058.328
0.017 692.185 -3975.449
0.018 688.250 -3894.155
0.019 684.396 -3814.391
0.020 680.621 -3736.105
0.021 676.924 -3659.247
0.022 673.302 -3583.768
0.023 669.756 -3509.622
0.024 666.283 -3436.766
0.025 662.882 -3365.155
0.026 659.552 -3294.750
0.027 656.292 -3225.510
0.028 653.100 -3157.397
0.029 649.977 -3090.375
0.030 646.919 -3024.407
0.031 643.927 -2959.460
0.032 641.000 -2895.501
0.033 638.136 -2832.498
0.034 635.335 -2770.420
0.035 632.595 -2709.237
0.036 629.916 -2648.921
0.037 627.297 -2589.444
0.038 624.737 -2530.779
0.039 622.235 -2472.899
0.040 619.791 -2415.781
0.041 617.403 -2359.398
0.042 615.072 -2303.729
0.043 612.796 -2248.748
0.044 610.574 -2194.436
0.045 608.406 -2140.769
0.046 606.292 -2087.727
0.047 604.231 -2035.289
0.048 602.222 -1983.436
0.049 600.264 -1932.149
0.050 598.357 -1881.408
0.051 596.501 -1831.196
0.052 594.694 -1781.494
0.053 592.938 -1732.286
0.054 591.230 -1683.554
0.055 589.570 -1635.283
0.056 587.959 -1587.455
0.057 586.395 -1540.056
0.058 584.879 -1493.070
0.059 583.409 -1446.482
0.060 581.986 -1400.278
0.061 580.608 -1354.443
0.062 579.277 -1308.964
0.063 577.990 -1263.826
0.064 576.749 -1219.016
0.065 575.552 -1174.522
0.066 574.400 -1130.329
0.067 573.291 -1086.426
0.068 572.227 -1042.801
0.069 571.206 -999.439
0.070 570.228 -956.331
0.071 569.293 -913.464
0.072 568.401 -870.826
0.073 567.551 -828.406
0.074 566.744 -786.193
0.075 565.979 -744.175
0.076 565.256 -702.342
0.077 564.574 -660.682
0.078 563.934 -619.185
0.079 563.336 -577.840
0.080 562.778 -536.637
0.081 562.262 -495.566
0.082 561.787 -454.616
0.083 561.353 -413.776
0.084 560.960 -373.037
0.085 560.607 -332.389
0.086 560.295 -291.822
0.087 560.023 -251.325
0.088 559.792 -210.889
0.089 559.601 -170.505
0.090 559.451 -130.161
0.091 559.341 -89.849
0.092 559.271 -49.559
0.093 559.242 -9.280
0.094 559.253 30.996
0.095 559.304 71.279
0.096 559.395 111.580
0.097 559.527 151.908
0.098 559.699 192.272
0.099 559.912 232.683
0.100 560.165 273.151

0.000 773.150 -5654.823
0.001 767.554 -5536.862
0.002 762.075 -5421.776
0.003 756.710 -5309.454
0.004 751.456 -5199.788
0.005 746.310 -5092.678
0.006 741.269 -4988.026
0.007 736.333 -4885.740
0.008 731.497 -4785.732
0.009 726.760 -4687.918
0.010 722.121 -4592.218
0.011 717.575 -4498.555
0.012 713.123 -4406.854
0.013 708.761 -4317.047
0.014 704.488 -4229.067
0.015 700.302 -4142.847
0.016 696.202 -4058.328
0.017 692.185 -3975.450
0.018 688.250 -3894.156
0.019 684.396 -3814.392
0.020 680.621 -3736.105
0.021 676.924 -3659.247
0.022 673.302 -3583.768
0.023 669.756 -3509.623
0.024 666.283 -3436.766
0.025 662.882 -3365.156
0.026 659.552 -3294.750
0.027 656.292 -3225.510
0.028 653.100 -3157.397
0.029 649.977 -3090.375
0.030 646.919 -3024.408
0.031 643.927 -2959.461
0.032 641.000 -2895.502
0.033 638.136 -2832.499
0.034 635.335 -2770.421
0.035 632.595 -2709.238
0.036 629.916 -2648.922
0.037 627.297 -2589.445
0.038 624.737 -2530.779
0.039 622.235 -2472.900
0.040 619.791 -2415.781
0.041 617.403 -2359.399
0.042 615.072 -2303.729
0.043 612.796 -2248.749
0.044 610.574 -2194.436
0.045 608.406 -2140.769
0.046 606.292 -2087.727
0.047 604.231 -2035.290
0.048 602.221 -1983.437
0.049 600.264 -1932.149
0.050 598.357 -1881.409
0.051 596.501 -1831.196
0.052 594.694 -1781.495
0.053 592.938 -1732.286
0.054 591.230 -1683.555
0.055 589.570 -1635.283
0.056 587.959 -1587.456
0.057 586.395 -1540.056
0.058 584.879 -1493.071
0.059 583.409 -1446.483
0.060 581.986 -1400.279
0.061 580.608 -1354.444
0.062 579.277 -1308.964
0.063 577.990 -1263.827
0.064 576.749 -1219.017
0.065 575.552 -1174.522
0.066 574.400 -1130.330
0.067 573.291 -1086.427
0.068 572.227 -1042.801
0.069 571.206 -999.440
0.070 570.228 -956.332
0.071 569.293 -913.465
0.072 568.401 -870.827
0.073 567.551 -828.407
0.074 566.744 -786.193
0.075 565.979 -744.176
0.076 565.256 -702.342
0.077 564.574 -660.682
0.078 563.934 -619.186
0.079 563.336 -577.841
0.080 562.778 -536.638
0.081 562.262 -495.567
0.082 561.787 -454.616
0.083 561.353 -413.777
0.084 560.960 -373.038
0.085 560.607 -332.390
0.086 560.295 -291.823
0.087 560.023 -251.326
0.088 559.792 -210.890
0.089 559.601 -170.505
0.090 559.451 -130.162
0.091 559.341 -89.850
0.092 559.271 -49.560
0.093 559.242 -9.281
0.094 559.253 30.995
0.095 559.304 71.279
0.096 559.395 111.579
0.097 559.527 151.907
0.098 559.699 192.272
0.099 559.912 232.683
0.100 560.165 273.150

